0.000000000000000000e+00
0.000000000000000000e+00
0.000000000000000000e+00
0.000000000000000000e+00
0.000000000000000000e+00
0.000000000000000000e+00
0.000000000000000000e+00
0.000000000000000000e+00
0.000000000000000000e+00
0.000000000000000000e+00
0.000000000000000000e+00
0.000000000000000000e+00
0.000000000000000000e+00
0.000000000000000000e+00
0.000000000000000000e+00
0.000000000000000000e+00
0.000000000000000000e+00
0.000000000000000000e+00
0.000000000000000000e+00
0.000000000000000000e+00
0.000000000000000000e+00
0.000000000000000000e+00
0.000000000000000000e+00
0.000000000000000000e+00
0.000000000000000000e+00
0.000000000000000000e+00
0.000000000000000000e+00
0.000000000000000000e+00
0.000000000000000000e+00
0.000000000000000000e+00
0.000000000000000000e+00
0.000000000000000000e+00
0.000000000000000000e+00
0.000000000000000000e+00
0.000000000000000000e+00
0.000000000000000000e+00
0.000000000000000000e+00
0.000000000000000000e+00
0.000000000000000000e+00
0.000000000000000000e+00
0.000000000000000000e+00
0.000000000000000000e+00
0.000000000000000000e+00
0.000000000000000000e+00
0.000000000000000000e+00
0.000000000000000000e+00
0.000000000000000000e+00
0.000000000000000000e+00
0.000000000000000000e+00
0.000000000000000000e+00
0.000000000000000000e+00
0.000000000000000000e+00
0.000000000000000000e+00
0.000000000000000000e+00
0.000000000000000000e+00
0.000000000000000000e+00
0.000000000000000000e+00
0.000000000000000000e+00
0.000000000000000000e+00
0.000000000000000000e+00
0.000000000000000000e+00
0.000000000000000000e+00
0.000000000000000000e+00
0.000000000000000000e+00
0.000000000000000000e+00
0.000000000000000000e+00
0.000000000000000000e+00
0.000000000000000000e+00
0.000000000000000000e+00
0.000000000000000000e+00
0.000000000000000000e+00
0.000000000000000000e+00
0.000000000000000000e+00
0.000000000000000000e+00
0.000000000000000000e+00
0.000000000000000000e+00
0.000000000000000000e+00
0.000000000000000000e+00
0.000000000000000000e+00
0.000000000000000000e+00
0.000000000000000000e+00
0.000000000000000000e+00
0.000000000000000000e+00
0.000000000000000000e+00
0.000000000000000000e+00
0.000000000000000000e+00
0.000000000000000000e+00
0.000000000000000000e+00
0.000000000000000000e+00
0.000000000000000000e+00
0.000000000000000000e+00
0.000000000000000000e+00
0.000000000000000000e+00
0.000000000000000000e+00
0.000000000000000000e+00
0.000000000000000000e+00
0.000000000000000000e+00
0.000000000000000000e+00
0.000000000000000000e+00
0.000000000000000000e+00
0.000000000000000000e+00
0.000000000000000000e+00
0.000000000000000000e+00
0.000000000000000000e+00
0.000000000000000000e+00
0.000000000000000000e+00
0.000000000000000000e+00
0.000000000000000000e+00
0.000000000000000000e+00
0.000000000000000000e+00
0.000000000000000000e+00
0.000000000000000000e+00
0.000000000000000000e+00
0.000000000000000000e+00
0.000000000000000000e+00
0.000000000000000000e+00
0.000000000000000000e+00
0.000000000000000000e+00
0.000000000000000000e+00
0.000000000000000000e+00
0.000000000000000000e+00
0.000000000000000000e+00
0.000000000000000000e+00
0.000000000000000000e+00
0.000000000000000000e+00
0.000000000000000000e+00
0.000000000000000000e+00
0.000000000000000000e+00
0.000000000000000000e+00
0.000000000000000000e+00
0.000000000000000000e+00
-1.798492783112307786e-02
-3.583981670800133468e-02
-5.324490774986628816e-02
-7.046247578215766860e-02
-8.645388345770901872e-02
-1.017942703888699701e-01
-1.164238194732743481e-01
-1.312936145541700461e-01
-1.452802124163863895e-01
-1.589772094461797125e-01
-1.715650855368124894e-01
-1.835093981672513697e-01
-1.952392415759896804e-01
-2.063694065486120222e-01
-2.168992011786109730e-01
-2.263887673160321634e-01
-2.353875681901874684e-01
-2.439108059525495198e-01
-2.521993769862658774e-01
-2.596173678904782900e-01
-2.661767045434589307e-01
-2.722891085691369062e-01
-2.788248287188579422e-01
-2.848787284115598673e-01
-2.902618823401550419e-01
-2.951516564159576417e-01
-2.999063256016163970e-01
-3.042022677539724107e-01
-3.081862810064918690e-01
-3.118262619265228519e-01
-3.151407704673556132e-01
-3.181666665523430471e-01
-3.207049512121538104e-01
-3.232513887546250575e-01
-3.254722950434632001e-01
-3.272167267453345296e-01
-3.289825343468229524e-01
-3.308188683206736425e-01
-3.324718936423646243e-01
-3.341046863357360897e-01
-3.357795630687560595e-01
-3.371445841273009170e-01
-3.384341859667494568e-01
-3.398039156618782863e-01
-3.408047745548692942e-01
-3.416345313890517543e-01
-3.427447580163969221e-01
-3.442412061241008625e-01
-3.451835283326167292e-01
-3.458478395887613632e-01
-3.469523539585279703e-01
-3.477434143917503828e-01
-3.486455787248419758e-01
-3.493801574215201211e-01
-3.501205548129884826e-01
-3.511178409806952616e-01
-3.522651248078840780e-01
-3.534545507928444907e-01
-3.542972294194452476e-01
-3.551174688941935997e-01
-3.561016930610216846e-01
-3.570277452903624082e-01
-3.581456364369164924e-01
-3.589925517893778339e-01
-3.596866627345784995e-01
-3.606017412718859894e-01
-3.611174650370400085e-01
-3.618282109501230748e-01
-3.624978778142494140e-01
-3.632913974464200835e-01
-3.639112743654864257e-01
-3.646730251157465630e-01
-3.651743336147048602e-01
-3.656858072344308375e-01
-3.665040333640667836e-01
-3.674563245513219334e-01
-3.680581387562750773e-01
-3.687554520069045716e-01
-3.695038185629910266e-01
-3.699367250949052721e-01
-3.704139209804941379e-01
-3.708135881717464222e-01
-3.710933385008606811e-01
-3.712032775722688416e-01
-3.716443542082703555e-01
-3.724045514662325251e-01
-3.727144366434994582e-01
-3.729804361757391162e-01
-3.734166695784212897e-01
-3.740511418663464149e-01
-3.743917753324771391e-01
-3.747451258929822004e-01
-3.752686891227262622e-01
-3.758570368566594433e-01
-3.762850507344879802e-01
-3.765529312442787435e-01
-3.768372481343728597e-01
-3.774338859780299593e-01
-3.781242073098300405e-01
-3.786275791452740624e-01
-3.788240593206884110e-01
-3.790752663370845488e-01
-3.795521616436238754e-01
-3.799848327912166424e-01
-3.803271537856738882e-01
-3.806138835218366712e-01
-3.810170792551036412e-01
-3.814887812100095643e-01
-3.815817124593074983e-01
-3.819052050774720541e-01
-3.823743991363440786e-01
-3.828254593567536612e-01
-3.831816282888825809e-01
-3.836225768284619031e-01
-3.840391429802674783e-01
-3.844754459907781530e-01
-3.848229945248596295e-01
-3.853320417299858081e-01
-3.857457459260166810e-01
-3.860485039998496348e-01
-3.863791629425832874e-01
-3.867731789130940401e-01
-3.872310378317520008e-01
-3.876592090334778917e-01
-3.879133355491082846e-01
-3.882105664521069421e-01
-3.886865421512755159e-01
-3.892614171430998082e-01
-3.896281881084326382e-01
-3.898963966594984898e-01
-3.903772893353513185e-01
-3.906540503737748748e-01
-3.909270377244826733e-01
-3.913422390583102262e-01
-3.915903210578781102e-01
-3.918947996112605581e-01
-3.923907236028619239e-01
-3.929934744329033336e-01
-3.935528789416899431e-01
-3.938064012733706321e-01
-3.939924999568312769e-01
-3.945579946590636600e-01
-3.949626523621870833e-01
-3.951796367260850262e-01
-3.955947662187591640e-01
-3.959728206801760297e-01
-3.962107435882648576e-01
-3.965749885443711764e-01
-3.970515363312549506e-01
-3.974140719609922101e-01
-3.977701815989225231e-01
-3.981816001783210490e-01
-3.984733791892539068e-01
-3.986723295582579873e-01
-3.991840712762377841e-01
-3.997487395317149139e-01
-4.000528256933829074e-01
-4.003320358123713119e-01
-4.007622119669925764e-01
-4.008295029508239238e-01
-4.009480113979263516e-01
-4.010628765262782558e-01
-4.016093453794931101e-01
-4.021325198712576432e-01
-4.023631017431756329e-01
-4.024920394996771567e-01
-4.025810365936094981e-01
-4.029158043643325526e-01
-4.033177601988695016e-01
-4.036084944172879108e-01
-4.036946980637213245e-01
-4.038052717520221879e-01
-4.041126916829638760e-01
-4.042718517171542958e-01
-4.045860881465364600e-01
-4.050580602007814446e-01
-4.051949575052928298e-01
-4.052658198886762708e-01
-4.054251341514645834e-01
-4.058081804506227241e-01
-4.064198566239912713e-01
-4.066059644676640050e-01
-4.066679119243603591e-01
-4.067846349644330672e-01
-4.071165923471652404e-01
-4.074805564302112493e-01
-4.077800059064963789e-01
-4.078525074403830941e-01
-4.079911920269856940e-01
-4.081933361959920181e-01
-4.084683273262598169e-01
-4.088482763259898012e-01
-4.090012156711250180e-01
-4.092356749110370173e-01
-4.094426580909613089e-01
-4.097002717220549761e-01
-4.099325188614267312e-01
-4.101965349187386978e-01
-4.104647881041938451e-01
-4.107584625578428184e-01
-4.110714266504199021e-01
-4.113334926045993933e-01
-4.114303860947312597e-01
-4.116402554934863178e-01
-4.118906364057239311e-01
-4.121476414691118695e-01
-4.123081208359896110e-01
-4.126501996750361334e-01
-4.129371951652730521e-01
-4.130256367897768843e-01
-4.131298181743797149e-01
-4.132455726922583117e-01
-4.135674767168779908e-01
-4.140309713028872962e-01
-4.142575568101630190e-01
-4.144640885487698156e-01
-4.148815407270884381e-01
-4.153777980751514609e-01
-4.155736875542263009e-01
-4.157853317278728533e-01
-4.161300684794049798e-01
-4.163034432429572607e-01
-4.163539678562497293e-01
-4.166127306467075075e-01
-4.169374410600605318e-01
-4.172819575191406560e-01
-4.173947007163091305e-01
-4.175575185858445559e-01
-4.179538763798136269e-01
-4.181773237333619719e-01
-4.183761740021522679e-01
-4.186273175532327362e-01
-4.190980785603788394e-01
-4.194278319415556400e-01
-4.196086515402957517e-01
-4.197545951666143971e-01
-4.200112667002561251e-01
-4.202284116237117173e-01
-4.204029830323573469e-01
-4.207226652507757847e-01
-4.209903622767730003e-01
-4.213261113779617206e-01
-4.215590890062901885e-01
-4.216546806910019818e-01
-4.216911036321602246e-01
-4.218355315129783678e-01
-4.221585626655630086e-01
-4.224830004671391026e-01
-4.227212242245523832e-01
-4.229888747647225222e-01
-4.232652794440014965e-01
-4.235857412311032633e-01
-4.239287910252813041e-01
-4.240774815153853794e-01
-4.242012283544591145e-01
-4.243206568710115589e-01
-4.245986466092918632e-01
-4.248752256503138258e-01
-4.253808753357155581e-01
-4.256703305439527019e-01
-4.258168163802951711e-01
-4.259190698452361423e-01
-4.262012624598563448e-01
-4.266004941134246553e-01
-4.267928854146998408e-01
-4.269956194547918082e-01
-4.273162032507175634e-01
-4.275042791369939033e-01
-4.275875042050408803e-01
-4.277377106917342742e-01
-4.279467440432308534e-01
-4.280776695688113809e-01
-4.282574546547949224e-01
-4.285372228877045164e-01
-4.287236634383306266e-01
-4.290447084501375352e-01
-4.292215714398581738e-01
-4.294371055711819762e-01
-4.296834470777474158e-01
-4.299035418735789871e-01
-4.301806980701616823e-01
-4.304169412092265778e-01
-4.308023980454430690e-01
-4.311070131597984911e-01
-4.312719485709757827e-01
-4.314558050146352075e-01
-4.315964125606397417e-01
-4.317434202397523735e-01
-4.318541820164826794e-01
-4.320028012262625561e-01
-4.322147204369494733e-01
-4.324262078803253195e-01
-4.326721981140245754e-01
-4.329761949744419525e-01
-4.332497648528483292e-01
-4.333579570082142229e-01
-4.336154271541479144e-01
-4.340930056665005532e-01
-4.343713220692018151e-01
-4.345380532217219538e-01
-4.349041454979180044e-01
-4.352148172948289151e-01
-4.353467322598166822e-01
-4.355202634566044395e-01
-4.357576273822432733e-01
-4.362237141702452470e-01
-4.366319112181885620e-01
-4.367618381777139125e-01
-4.368957221403486080e-01
-4.371447939401251204e-01
-4.374364838383557053e-01
-4.376583972221239072e-01
-4.377162289631194025e-01
-4.379752158423615982e-01
-4.381945608444782203e-01
-4.384166161917560367e-01
-4.387177070696413050e-01
-4.391182287149346664e-01
-4.392251578045737181e-01
-4.393425872534219567e-01
-4.394749119248204661e-01
-4.397459122234645967e-01
-4.400096297151395719e-01
-4.400750295079144392e-01
-4.401870234147837735e-01
-4.404015176416494759e-01
-4.406111896043455323e-01
-4.408423161476967556e-01
-4.409217343860696303e-01
-4.410414815067177918e-01
-4.413707957992775155e-01
-4.416787880058732907e-01
-4.418739013815627392e-01
-4.420179269608527362e-01
-4.422210944856951875e-01
-4.424843220146988942e-01
-4.427401370398774683e-01
-4.429355602571771189e-01
-4.431413438566838559e-01
-4.433355207831116140e-01
-4.435094213628538173e-01
-4.435767782732755182e-01
-4.437973506031017146e-01
-4.440907686702323942e-01
-4.443171489517888095e-01
-4.446109731305747381e-01
-4.449942405143496038e-01
-4.451796769507802010e-01
-4.452831704167777849e-01
-4.455662962950025507e-01
-4.457155601861250704e-01
-4.457779555776374969e-01
-4.459301967504074593e-01
-4.461930476537407375e-01
-4.463756016072696897e-01
-4.465469852903031778e-01
-4.468112326526026412e-01
-4.469182543567170041e-01
-4.470590950165271305e-01
-4.474504220714277114e-01
-4.477900643077106224e-01
-4.480391801643451299e-01
-4.481826663435752867e-01
-4.485543317930221208e-01
-4.488225479501666282e-01
-4.490285117537664017e-01
-4.492512537737373690e-01
-4.494191309343729124e-01
-4.495731400688570689e-01
-4.498348716469444675e-01
-4.500678332130324533e-01
-4.501272444772352888e-01
-4.503413771179703429e-01
-4.505627711760951670e-01
-4.508652968486627222e-01
-4.510594594563368531e-01
-4.511833285980850206e-01
-4.514285584973125043e-01
-4.515438198334512099e-01
-4.516661723691474117e-01
-4.517995034199396298e-01
-4.518966804352250177e-01
-4.522206261775664204e-01
-4.525520934681240837e-01
-4.527859745073021247e-01
-4.529168142555860532e-01
-4.530686267694016278e-01
-4.532471627835774064e-01
-4.533450309745152285e-01
-4.535028795775088439e-01
-4.536837515238376084e-01
-4.539373210771042166e-01
-4.540758935072791713e-01
-4.542944942109921613e-01
-4.544232992922078718e-01
-4.545514340916995688e-01
-4.547027720851672394e-01
-4.548625161877013490e-01
-4.551329434202994184e-01
-4.553136649748654174e-01
-4.554137796487495726e-01
-4.555861357360976305e-01
-4.557575034771624845e-01
-4.557946941342805314e-01
-4.558862557849450159e-01
-4.561264810982996187e-01
-4.563361677154354479e-01
-4.564309410299612346e-01
-4.566263232334377697e-01
-4.567792728963013804e-01
-4.569688687436245234e-01
-4.570114726895958546e-01
-4.570881109581566015e-01
-4.572548713893707095e-01
-4.574503330664713152e-01
-4.575881706789721171e-01
-4.576718339213619591e-01
-4.577698392184953446e-01
-4.579707584421158217e-01
-4.581088484048707610e-01
-4.581870908046303814e-01
-4.584241388927993710e-01
-4.587139928598791827e-01
-4.590342008923742889e-01
-4.591905050786628251e-01
-4.592575334115309715e-01
-4.593647766471495864e-01
-4.594740481345822025e-01
-4.596781272764337567e-01
-4.599008638310785879e-01
-4.601400568386017076e-01
-4.605268600702325243e-01
-4.609707227364940318e-01
-4.611886299939698119e-01
-4.614320323221766662e-01
-4.616448239371501172e-01
-4.617628251733404410e-01
-4.619640051797384572e-01
-4.620817559271571118e-01
-4.622220368876005514e-01
-4.623763940311700904e-01
