0.000000000000000000e+00
0.000000000000000000e+00
0.000000000000000000e+00
0.000000000000000000e+00
0.000000000000000000e+00
0.000000000000000000e+00
0.000000000000000000e+00
0.000000000000000000e+00
0.000000000000000000e+00
0.000000000000000000e+00
0.000000000000000000e+00
0.000000000000000000e+00
0.000000000000000000e+00
0.000000000000000000e+00
0.000000000000000000e+00
0.000000000000000000e+00
0.000000000000000000e+00
0.000000000000000000e+00
0.000000000000000000e+00
0.000000000000000000e+00
0.000000000000000000e+00
0.000000000000000000e+00
0.000000000000000000e+00
0.000000000000000000e+00
0.000000000000000000e+00
0.000000000000000000e+00
0.000000000000000000e+00
0.000000000000000000e+00
0.000000000000000000e+00
0.000000000000000000e+00
0.000000000000000000e+00
0.000000000000000000e+00
0.000000000000000000e+00
0.000000000000000000e+00
0.000000000000000000e+00
0.000000000000000000e+00
0.000000000000000000e+00
0.000000000000000000e+00
0.000000000000000000e+00
0.000000000000000000e+00
0.000000000000000000e+00
0.000000000000000000e+00
0.000000000000000000e+00
0.000000000000000000e+00
0.000000000000000000e+00
0.000000000000000000e+00
0.000000000000000000e+00
0.000000000000000000e+00
0.000000000000000000e+00
0.000000000000000000e+00
0.000000000000000000e+00
0.000000000000000000e+00
0.000000000000000000e+00
0.000000000000000000e+00
0.000000000000000000e+00
0.000000000000000000e+00
0.000000000000000000e+00
0.000000000000000000e+00
0.000000000000000000e+00
0.000000000000000000e+00
0.000000000000000000e+00
0.000000000000000000e+00
0.000000000000000000e+00
0.000000000000000000e+00
0.000000000000000000e+00
0.000000000000000000e+00
0.000000000000000000e+00
0.000000000000000000e+00
0.000000000000000000e+00
0.000000000000000000e+00
0.000000000000000000e+00
0.000000000000000000e+00
0.000000000000000000e+00
0.000000000000000000e+00
0.000000000000000000e+00
0.000000000000000000e+00
0.000000000000000000e+00
0.000000000000000000e+00
0.000000000000000000e+00
0.000000000000000000e+00
0.000000000000000000e+00
0.000000000000000000e+00
0.000000000000000000e+00
0.000000000000000000e+00
0.000000000000000000e+00
0.000000000000000000e+00
0.000000000000000000e+00
0.000000000000000000e+00
0.000000000000000000e+00
0.000000000000000000e+00
0.000000000000000000e+00
0.000000000000000000e+00
0.000000000000000000e+00
0.000000000000000000e+00
0.000000000000000000e+00
0.000000000000000000e+00
0.000000000000000000e+00
0.000000000000000000e+00
0.000000000000000000e+00
0.000000000000000000e+00
0.000000000000000000e+00
0.000000000000000000e+00
0.000000000000000000e+00
0.000000000000000000e+00
0.000000000000000000e+00
0.000000000000000000e+00
0.000000000000000000e+00
0.000000000000000000e+00
0.000000000000000000e+00
0.000000000000000000e+00
0.000000000000000000e+00
0.000000000000000000e+00
0.000000000000000000e+00
0.000000000000000000e+00
0.000000000000000000e+00
0.000000000000000000e+00
0.000000000000000000e+00
0.000000000000000000e+00
0.000000000000000000e+00
0.000000000000000000e+00
0.000000000000000000e+00
0.000000000000000000e+00
0.000000000000000000e+00
0.000000000000000000e+00
0.000000000000000000e+00
0.000000000000000000e+00
0.000000000000000000e+00
0.000000000000000000e+00
0.000000000000000000e+00
0.000000000000000000e+00
0.000000000000000000e+00
3.596985566224615832e-03
7.182411323787140853e-03
1.071947103077468093e-02
1.428573747222372341e-02
1.768457242220581455e-02
2.104378681409279500e-02
2.435693007522868325e-02
2.784916148936781091e-02
3.127119369397615006e-02
3.476567076874298445e-02
3.812137367259778309e-02
4.144441366199625582e-02
4.484916543695779273e-02
4.822280957227863263e-02
5.155295446305154655e-02
5.468073518471588956e-02
5.776200176441385198e-02
6.079000569500651180e-02
6.384106130443657767e-02
6.666902870958410499e-02
6.925034880698700823e-02
7.172503454557344060e-02
7.444266509854190195e-02
7.703342678578548042e-02
7.939985683779345049e-02
8.160170434617522450e-02
8.379025804261926169e-02
8.581056452522251021e-02
8.772103529629926566e-02
8.949848109021836529e-02
9.114413716330463378e-02
9.266949284578065993e-02
9.396696061273079881e-02
9.528390365042582744e-02
9.644607115355115223e-02
9.736833003845637990e-02
9.830946323290001843e-02
9.929623325095381092e-02
1.001921081573958205e-01
1.010838457314438693e-01
1.020055467509329433e-01
1.027626181297830732e-01
1.034824298862669772e-01
1.042515849101237208e-01
1.042515849101237208e-01
1.042515849101237208e-01
1.042515849101237208e-01
1.051090170667319246e-01
1.051090170667319246e-01
1.051090170667319246e-01
1.051090170667319246e-01
1.051090170667319246e-01
1.051090170667319246e-01
1.051090170667319246e-01
1.051090170667319246e-01
1.051090170667319246e-01
1.051090170671089424e-01
1.058213740056352520e-01
1.058213740056352520e-01
1.058213740056352520e-01
1.058213740056352520e-01
1.058213740056352520e-01
1.058213740070514386e-01
1.058213740070514386e-01
1.058213740070514386e-01
1.058213740070514386e-01
1.058213740070514386e-01
1.058213740070514386e-01
1.058213740070514386e-01
1.058213740070514386e-01
1.058213740070514386e-01
1.058213740070514386e-01
1.058213740070514386e-01
1.058213740070514386e-01
1.058213740070514386e-01
1.058213740070514386e-01
1.058213740070514386e-01
1.058213740070514386e-01
1.058213740070514386e-01
1.058213740070514386e-01
1.058213740070514386e-01
1.058213740070514386e-01
1.058213740070514386e-01
1.058213740070514386e-01
1.058213740070514386e-01
1.058213740070514386e-01
1.058213740070514386e-01
1.058213740070514386e-01
1.058213740070514386e-01
1.058213740070514386e-01
1.058213740070514386e-01
1.058213740070514386e-01
1.058213740070514386e-01
1.058213740070514386e-01
1.058213740070514386e-01
1.058213740070514386e-01
1.058213740070514386e-01
1.058213740070514386e-01
1.058213740070514386e-01
1.058213740070514386e-01
1.058213740070514386e-01
1.058213740070514386e-01
1.058213740070514386e-01
1.058213740070514386e-01
1.058213740070514386e-01
1.058213740070514386e-01
1.058213740070514386e-01
1.058213740070514386e-01
1.058213740070514386e-01
1.058213740070514386e-01
1.058213740070514386e-01
1.058213740070514386e-01
1.058213740070514386e-01
1.058213740070514386e-01
1.058213740070514386e-01
1.058213740070514386e-01
1.058213740070514386e-01
1.058213740070514386e-01
1.058213740070514386e-01
1.058213740070514386e-01
1.058213740070514386e-01
1.058213740070514386e-01
1.058213740070514386e-01
1.058213740070514386e-01
1.058213740070514386e-01
1.058213740070514386e-01
1.058213740070514386e-01
1.058213740070514386e-01
1.058213740070514386e-01
1.058213740070514386e-01
1.058213740070514386e-01
1.058213740070514386e-01
1.058213740070514386e-01
1.058213740070514386e-01
1.058213740070514386e-01
1.058213740070514386e-01
1.058213740070514386e-01
1.058213740070514386e-01
1.058213740070514386e-01
1.058213740070514386e-01
1.058213740070514386e-01
1.058213740070514386e-01
1.058213740070514386e-01
1.058213740070514386e-01
1.058213740070514386e-01
1.058213740070514386e-01
1.058213740070514386e-01
1.058213740070514386e-01
1.058213740070514386e-01
1.058213740070514386e-01
1.058213740070514386e-01
1.058213740070514386e-01
1.058213740070514386e-01
1.058213740070514386e-01
1.058213740070514386e-01
1.058213740070514386e-01
1.058213740070514386e-01
1.058213740070514386e-01
1.058213740070514386e-01
1.058213740070514386e-01
1.058213740070514386e-01
1.058213740070514386e-01
1.058213740070514386e-01
1.058213740070514386e-01
1.058213740070514386e-01
1.058213740070514386e-01
1.058213740070514386e-01
1.058213740070514386e-01
1.058213740070514386e-01
1.058213740070514386e-01
1.058213740070514386e-01
1.058213740070514386e-01
1.058213740070514386e-01
1.058213740070514386e-01
1.058213740070514386e-01
1.058213740070514386e-01
1.058213740070514386e-01
1.058213740070514386e-01
1.058213740070514386e-01
1.058213740070514386e-01
1.058213740070514386e-01
1.058213740070514386e-01
1.058213740070514386e-01
1.058213740070514386e-01
1.058213740070514386e-01
1.058213740070514386e-01
1.058213740070514386e-01
1.058213740070514386e-01
1.058213740070514386e-01
1.058213740070514386e-01
1.058213740070514386e-01
1.058213740070514386e-01
1.058213740070514386e-01
1.058213740070514386e-01
1.058213740070514386e-01
1.058213740070514386e-01
1.058213740070514386e-01
1.058213740070514386e-01
1.058213740070514386e-01
1.058213740070514386e-01
1.058213740070514386e-01
1.058213740070514386e-01
1.058213740070514386e-01
1.058213740070514386e-01
1.058213740070514386e-01
1.058213740070514386e-01
1.058213740070514386e-01
1.058213740070514386e-01
1.058213740070514386e-01
1.058213740070514386e-01
1.058213740070514386e-01
1.058213740070514386e-01
1.058213740070514386e-01
1.058213740070514386e-01
1.058213740070514386e-01
1.058213740070514386e-01
1.058213740070514386e-01
1.058213740070514386e-01
1.058213740070514386e-01
1.058213740070514386e-01
1.058213740070514386e-01
1.058213740070514386e-01
1.058213740070514386e-01
1.058213740070514386e-01
1.058213740070514386e-01
1.058213740070514386e-01
1.058213740070514386e-01
1.058213740070514386e-01
1.058213740070514386e-01
1.058213740070514386e-01
1.058213740070514386e-01
1.058213740070514386e-01
1.058213740070514386e-01
1.058213740070514386e-01
1.058213740070514386e-01
1.058213740070514386e-01
1.058213740070514386e-01
1.058213740070514386e-01
1.058213740070514386e-01
1.058213740070514386e-01
1.058213740070514386e-01
1.058213740070514386e-01
1.058213740070514386e-01
1.058213740070514386e-01
1.058213740070514386e-01
1.058213740070514386e-01
1.058213740070514386e-01
1.058213740070514386e-01
1.058213740070514386e-01
1.058213740070514386e-01
1.058213740070514386e-01
1.058213740070514386e-01
1.058213740070514386e-01
1.058213740070514386e-01
1.058213740070514386e-01
1.058213740070514386e-01
1.058213740070514386e-01
1.058213740070514386e-01
1.058213740070514386e-01
1.058213740070514386e-01
1.058213740070514386e-01
1.058213740070514386e-01
1.058213740070514386e-01
1.058213740070514386e-01
1.058213740070514386e-01
1.058213740070514386e-01
1.058213740070514386e-01
1.058213740070514386e-01
1.058213740070514386e-01
1.058213740070514386e-01
1.058213740070514386e-01
1.058213740070514386e-01
1.058213740070514386e-01
1.058213740070514386e-01
1.058213740070514386e-01
1.058213740070514386e-01
1.058213740070514386e-01
1.058213740070514386e-01
1.058213740070514386e-01
1.058213740070514386e-01
1.058213740070514386e-01
1.058213740070514386e-01
1.058213740070514386e-01
1.058213740070514386e-01
1.058213740070514386e-01
1.058213740070514386e-01
1.058213740070514386e-01
1.058213740070514386e-01
1.058213740070514386e-01
1.058213740070514386e-01
1.058213740070514386e-01
1.058213740070514386e-01
1.058213740070514386e-01
1.058213740070514386e-01
1.058213740070514386e-01
1.058213740070514386e-01
1.058213740070514386e-01
1.058213740070514386e-01
1.058213740070514386e-01
1.058213740070514386e-01
1.058213740070514386e-01
1.058213740070514386e-01
1.058213740070514386e-01
1.058213740070514386e-01
1.058213740070514386e-01
1.058213740070514386e-01
1.058213740070514386e-01
1.058213740070514386e-01
1.058213740070514386e-01
1.058213740070514386e-01
1.058213740070514386e-01
1.058213740070514386e-01
1.058213740070514386e-01
1.058213740070514386e-01
1.058213740070514386e-01
1.058213740070514386e-01
1.058213740070514386e-01
1.058213740070514386e-01
1.058213740070514386e-01
1.058213740070514386e-01
1.058213740070514386e-01
1.058213740070514386e-01
1.058213740070514386e-01
1.058213740070514386e-01
1.058213740070514386e-01
1.058213740070514386e-01
1.058213740070514386e-01
1.058213740070514386e-01
1.058213740070514386e-01
1.058213740070514386e-01
1.058213740070514386e-01
1.058213740070514386e-01
1.058213740070514386e-01
1.058213740070514386e-01
1.058213740070514386e-01
1.058213740070514386e-01
1.058213740070514386e-01
1.058213740070514386e-01
1.058213740070514386e-01
1.058213740070514386e-01
1.058213740070514386e-01
1.058213740070514386e-01
1.058213740070514386e-01
1.058213740070514386e-01
1.058213740070514386e-01
1.058213740070514386e-01
1.058213740070514386e-01
1.058213740070514386e-01
1.058213740070514386e-01
1.058213740070514386e-01
1.058213740070514386e-01
1.058213740070514386e-01
1.058213740070514386e-01
1.058213740070514386e-01
1.058213740070514386e-01
1.058213740070514386e-01
1.058213740070514386e-01
1.058213740070514386e-01
1.058213740070514386e-01
1.058213740070514386e-01
1.058213740070514386e-01
1.058213740070514386e-01
1.058213740070514386e-01
1.058213740070514386e-01
1.058213740070514386e-01
1.058213740070514386e-01
1.058213740070514386e-01
1.058213740070514386e-01
1.058213740070514386e-01
1.058213740070514386e-01
1.058213740070514386e-01
1.058213740070514386e-01
1.058213740070514386e-01
1.058213740070514386e-01
1.058213740070514386e-01
1.058213740070514386e-01
1.058213740070514386e-01
1.058213740070514386e-01
1.058213740070514386e-01
1.058213740070514386e-01
1.058213740070514386e-01
1.058213740070514386e-01
1.058213740070514386e-01
1.058213740070514386e-01
1.058213740070514386e-01
1.058213740070514386e-01
1.058213740070514386e-01
1.058213740070514386e-01
1.058213740070514386e-01
1.058213740070514386e-01
1.058213740070514386e-01
1.058213740070514386e-01
1.058213740070514386e-01
1.058213740070514386e-01
1.058213740070514386e-01
1.058213740070514386e-01
1.058213740070514386e-01
1.058213740070514386e-01
1.058213740070514386e-01
1.058213740070514386e-01
1.058213740070514386e-01
1.058213740070514386e-01
1.058213740070514386e-01
1.058213740070514386e-01
1.058213740070514386e-01
1.058213740070514386e-01
1.058213740070514386e-01
1.058213740070514386e-01
1.058213740070514386e-01
1.058213740070514386e-01
1.058213740070514386e-01
1.058213740070514386e-01
1.058213740070514386e-01
1.058213740070514386e-01
1.058213740070514386e-01
1.058213740070514386e-01
1.058213740070514386e-01
1.058213740070514386e-01
1.058213740070514386e-01
1.058213740070514386e-01
1.058213740070514386e-01
1.058213740070514386e-01
1.058213740070514386e-01
1.058213740070514386e-01
1.058213740070514386e-01
1.058213740070514386e-01
1.058213740070514386e-01
1.058213740070514386e-01
1.058213740070514386e-01
1.058213740070514386e-01
1.058213740070514386e-01
1.058213740070514386e-01
1.058213740070514386e-01
1.058213740070514386e-01
1.058213740070514386e-01
1.058213740070514386e-01
1.058213740070514386e-01
1.058213740070514386e-01
1.058213740070514386e-01
1.058213740070514386e-01
1.058213740070514386e-01
